-0.101118 -0.239779 -0.016064 0.217844 -0.118165
-0.050124 -0.143628 0.002677 0.075849 -0.049500
0.012179 -0.240506 0.002677 -0.115844 -0.053315
0.089962 -0.220597 -0.006693 -0.217252 0.049682
0.051343 -0.099537 0.021419 -0.217371 0.015350
0.014478 0.238524 -0.006693 0.136079 0.061126
0.007366 0.147554 0.012048 0.078334 0.048411
0.081617 0.137766 -0.016064 0.070288 0.123433
0.044563 -0.003052 0.002677 -0.260206 0.062398
0.036787 0.045312 -0.016064 -0.262099 0.021708
-0.051997 -0.026355 0.021419 0.022128 -0.096549
0.009192 0.227463 0.021419 0.159153 0.015350
-0.000315 0.391130 0.012048 0.174062 0.064941
0.016896 0.144342 -0.016064 -0.196308 0.095459
0.106533 0.205554 0.012048 -0.070169 0.202271
0.070712 0.432524 0.058902 0.032304 0.159037
0.120165 0.742736 0.087015 0.157259 0.276022
0.081878 0.531372 0.096386 0.149686 0.206085
0.084794 0.261221 0.115127 -0.034315 0.206085
0.132208 0.394615 0.105756 0.005206 0.214986
0.131663 0.446584 0.124498 -0.003077 0.213715
0.117012 0.629100 0.124498 0.254053 0.225159
-0.008778 0.684221 0.133869 0.397468 0.086558
-0.083504 0.897645 0.124498 0.469294 0.034423
-0.031182 0.757372 0.096386 0.394746 0.071299
-0.060081 0.931403 0.105756 0.451899 0.070027
-0.021651 1.056191 0.087015 0.467755 0.078928
-0.093389 1.167281 0.087015 0.436990 0.008992
