-0.168458 -0.095734 -0.014368 -0.008459 -0.341808
-0.006226 0.054084 -0.004310 -0.003901 -0.169492
0.079688 -0.054967 0.005747 0.015644 -0.062147
0.040769 -0.168462 0.005747 -0.042672 0.110170
0.067052 -0.209755 0.015805 -0.047409 0.231639
0.140212 0.022629 -0.004310 -0.030611 0.248588
0.141672 0.024164 0.005747 0.008021 0.189266
0.162860 0.015902 -0.004310 0.041995 0.172316
0.102902 -0.081472 -0.004310 0.037179 0.197740
0.048576 -0.017391 -0.014368 0.024779 0.112994
-0.090233 0.013761 0.005747 0.018450 -0.096045
-0.083319 0.249538 0.015805 0.042771 -0.110169
-0.035698 0.400104 0.005747 0.038014 -0.042373
-0.009623 0.147175 -0.004310 0.021754 -0.059322
0.069466 0.262750 0.025862 0.033039 0.234464
0.149539 0.343033 0.066092 0.056504 0.403955
0.282746 0.565477 0.096264 0.114959 0.915254
0.252111 0.278063 0.106322 0.181136 0.841808
0.140092 0.121235 0.136494 0.160497 0.827683
0.056801 0.268811 0.126437 0.157611 0.437853
0.023425 0.422124 0.146552 0.067093 0.471752
-0.032540 0.587437 0.146552 0.057519 0.276837
-0.100841 0.587882 0.156609 0.099693 0.197740
-0.071727 0.813498 0.136494 0.163084 0.002825
0.043927 0.755316 0.096264 0.212344 0.132768
0.070539 0.951922 0.096264 0.192302 0.093220
0.067082 1.121397 0.096264 0.225918 0.087570
0.037133 1.052932 0.116379 0.214354 0.062147
