-0.053995 -0.356614 -0.004284 0.100760 -0.139471
0.021270 -0.186571 0.007712 -0.010383 -0.064715
-0.024942 -0.178744 0.007712 -0.094003 -0.123098
0.053697 -0.140614 0.007712 -0.093270 -0.032607
-0.011397 0.012564 0.007712 -0.076734 -0.055166
0.079870 0.281231 -0.004284 0.173809 0.036209
0.061520 0.095326 0.007712 0.001443 0.144000
0.082539 0.085335 0.007712 -0.012267 0.158342
-0.015670 -0.025228 -0.004284 -0.250043 0.110066
-0.005738 0.077915 -0.004284 -0.201588 0.087697
-0.107093 0.002062 -0.004284 0.073969 -0.001687
-0.014891 0.292269 0.007712 0.170460 0.039086
-0.043824 0.470650 0.007712 0.175902 -0.064623
0.016482 0.063767 0.019709 -0.143190 -0.029821
0.059539 0.179265 0.055698 -0.130841 0.124815
0.090298 0.424494 0.067695 -0.096619 0.178299
0.160389 0.865620 0.103685 -0.047012 0.344870
0.160261 0.538451 0.127678 -0.055908 0.244049
0.128980 0.238789 0.151671 -0.113573 0.230404
0.144790 0.413932 0.127678 -0.024093 0.250533
0.130575 0.501655 0.139674 0.054503 0.305587
0.135729 0.713871 0.151671 0.174437 0.371274
0.036346 0.725378 0.175664 0.300023 0.157781
-0.036515 0.999646 0.151671 0.451773 0.022384
0.013383 0.837637 0.127678 0.475215 -0.024081
