0.065872 -0.127359 0.000000 -0.108864 -0.107701
0.197763 -0.651905 0.000000 -0.113433 -0.196044
0.069107 -0.683844 0.016667 -0.075774 -0.169474
0.155309 -0.611844 0.016667 -0.023540 -0.061036
-0.157657 0.021853 0.016667 0.012544 -0.091683
-0.018518 0.304459 -0.016667 0.040145 0.263366
-0.050617 0.167611 0.000000 0.046106 0.212289
-0.008422 0.155974 0.016667 0.035024 0.287970
-0.128535 0.003974 0.016667 0.034393 -0.092882
-0.003892 0.063368 0.016667 0.035759 0.048745
-0.117145 0.092095 -0.016667 0.043874 -0.122137
-0.108732 0.482883 -0.016667 0.056322 -0.020414
-0.150927 0.821792 -0.016667 0.114859 -0.020798
-0.044534 0.525792 0.016667 0.088991 0.034884
0.040891 0.688398 0.066667 0.128410 0.189258
0.125799 0.381914 0.083333 0.085630 0.341872
0.226108 0.742459 0.133333 0.123788 0.678337
0.284482 0.464095 0.166667 0.076675 0.873837
0.396958 0.709792 0.200000 0.099076 1.245859
0.305191 0.813125 0.166667 0.125784 1.063605
0.234133 0.913913 0.183333 0.128830 0.828203
0.175500 1.088883 0.200000 0.184269 0.652127
0.160745 1.151186 0.216667 0.164625 0.689473
0.254066 1.269853 0.166667 0.261189 0.643815
0.194009 1.044458 0.133333 0.220299 0.361872
0.534286 1.249247 0.150000 0.230358 0.785355
0.508140 1.555307 0.183333 0.122974 1.151972
0.575833 1.736943 0.200000 0.054510 1.451723
0.356576 1.514519 0.200000 0.014776 1.493448
0.282670 1.195368 0.183333 0.068586 1.106026
0.376896 1.163914 0.166667 0.132507 1.100751
0.250830 1.257913 0.133333 0.169378 0.485230
0.299367 1.507429 0.133333 0.094060 0.746517
0.154791 1.658520 0.150000 0.014540 0.890397
