-0.307556 0.012545 -0.027190 -0.076597 -0.129904
-0.073232 0.070000 0.001007 0.000000 -0.060666
0.033742 -0.106364 0.015106 0.031461 0.063963
-0.039385 -0.087758 -0.013092 -0.008713 0.006264
0.053552 -0.159940 0.001007 -0.014192 0.089350
0.103699 0.014606 -0.041289 -0.021221 -0.019123
0.228672 -0.135757 0.001007 0.074082 0.082427
0.256293 -0.197878 -0.013092 0.054635 0.024728
0.333042 -0.317757 0.029204 0.077832 0.080119
0.176260 -0.190182 0.001007 0.021041 -0.016815
-0.065874 0.008606 0.015106 0.051177 -0.065282
-0.098815 0.385030 0.029204 -0.002448 -0.005275
0.041779 0.627091 0.029204 0.001909 0.126278
0.167204 0.357637 0.043303 -0.015225 0.052423
0.341079 0.491152 0.057402 0.029013 0.181668
0.431187 0.600182 0.099698 0.076260 0.317837
0.719280 0.757394 0.099698 0.140573 0.509397
0.518351 0.464485 0.127895 0.172685 0.405539
0.367795 0.299030 0.156093 0.122451 0.248599
0.099624 0.579818 0.170191 0.088498 0.093966
0.193580 0.737031 0.170191 0.088857 0.038576
0.158714 0.830728 0.170191 0.105318 0.036268
0.010083 0.730425 0.156093 0.132646 0.144741
0.009064 0.935212 0.141994 0.160334 0.241675
0.178751 0.864303 0.113797 0.222582 0.333993
0.119094 1.246364 0.127895 0.178344 0.149357
0.159846 1.401576 0.071501 0.166914 0.153973
0.055929 1.372485 0.057402 0.161861 0.073195
