NaN NaN NaN NaN NaN NaN NaN NaN NaN NaN NaN NaN
NaN NaN NaN NaN NaN NaN NaN NaN NaN NaN NaN NaN
NaN NaN NaN NaN NaN NaN NaN NaN NaN NaN NaN NaN
NaN NaN NaN NaN NaN NaN NaN NaN NaN NaN NaN NaN
NaN NaN NaN NaN NaN NaN NaN NaN NaN NaN NaN NaN
NaN NaN NaN NaN NaN NaN NaN NaN NaN NaN NaN NaN
2.817143 NaN NaN NaN NaN NaN NaN NaN NaN NaN NaN NaN
2.999762 NaN NaN NaN NaN NaN NaN NaN 7.509968 NaN NaN NaN
3.366000 0.462400 NaN 37.178658 NaN NaN NaN NaN 7.803327 NaN NaN NaN
2.129000 0.485400 NaN 30.313575 NaN NaN NaN NaN 6.981924 NaN NaN NaN
2.350000 0.749500 NaN 39.159553 NaN NaN NaN NaN 9.974177 NaN NaN NaN
3.107000 1.437900 NaN 40.059243 NaN NaN NaN NaN 9.446132 NaN NaN NaN
3.711000 1.048100 NaN 53.239616 NaN NaN NaN NaN 14.433220 NaN NaN NaN
5.049000 1.208900 NaN 47.819382 5.494191 NaN NaN NaN 12.849087 NaN NaN NaN
4.058000 0.832600 NaN 46.913513 4.733659 56.684962 NaN NaN 11.440967 NaN NaN NaN
4.434000 1.211200 NaN 53.953621 5.100813 53.491443 NaN NaN 8.742073 NaN NaN NaN
4.136000 1.275200 12.352941 47.449866 3.383058 55.088203 29.635317 NaN 9.504804 NaN NaN NaN
5.402000 0.769200 13.031674 36.070265 3.540410 46.705215 34.395393 NaN 7.157939 NaN NaN NaN
5.193000 0.446000 9.638009 37.331284 3.383058 51.295899 26.564299 NaN 8.683401 NaN NaN NaN
2.654000 0.490200 8.552036 33.812000 3.068355 47.902785 31.477927 NaN 10.560893 NaN NaN NaN
2.956000 0.648100 11.674208 42.585000 4.091140 60.277671 30.403071 NaN 10.150192 NaN NaN NaN
3.962000 1.123300 13.031674 34.975312 3.973127 49.699139 34.702495 NaN 8.214028 NaN NaN NaN
4.806000 1.064500 12.217195 37.500903 3.317495 43.910886 29.635317 NaN 5.045760 NaN NaN NaN
3.433000 0.448500 7.873303 31.719496 2.701202 47.503595 26.103647 NaN 6.571222 NaN NaN NaN
3.572000 1.083600 14.796380 49.594355 5.166376 58.880506 28.714012 NaN 11.382296 NaN NaN NaN
8.287000 0.642100 14.932127 41.104299 4.930348 49.299949 36.698656 NaN 6.864580 NaN NaN NaN
6.279000 0.440700 12.624434 35.864653 4.497632 49.100354 27.946257 NaN 7.157939 NaN NaN NaN
3.100000 0.899700 10.588235 37.125826 3.120806 54.289823 25.028791 NaN 8.918087 NaN NaN NaN
3.490000 0.437100 9.909502 38.206567 3.632198 50.697114 35.316699 NaN 8.214028 NaN NaN NaN
3.130000 0.280300 6.923077 35.495291 3.199481 53.691038 31.631478 NaN 8.448714 13.066815 NaN NaN
3.560000 0.534100 13.846154 45.243895 5.572867 65.666734 29.788868 1.222881 11.969012 15.674856 6.493620 34.258921
5.940000 1.032400 17.918552 44.879940 5.245052 52.293873 35.623800 1.065889 9.387460 14.716800 5.592591 25.901770
NaN 0.932100 15.339367 42.890858 5.009024 47.104405 29.788868 0.611440 7.099267 12.800689 4.287653 21.602403
NaN 0.498400 16.018100 36.206207 5.127038 49.100354 23.953935 0.537076 5.339118 11.523281 3.075925 20.078235
5.370000 0.430000 10.859729 34.397558 3.973127 47.104405 20.729367 0.776694 6.571222 12.587787 4.349793 17.662781
4.130000 0.747900 12.895928 45.771907 5.113925 59.479291 26.410749 1.115466 9.152774 15.674856 5.219752 26.757651
2.900000 0.553800 10.316742 33.488907 3.160144 40.118582 31.785029 0.851059 5.221775 11.363605 4.753702 16.052034
2.840000 0.656100 12.081448 45.585604 4.051802 56.086177 22.571977 1.280720 9.387460 16.899038 3.573044 23.903211
2.380000 0.684000 11.402715 39.262436 4.130478 60.078076 32.552783 1.470762 9.739490 14.237772 6.338270 25.201979
7.000000 1.294100 21.312217 52.081017 5.494191 46.705215 32.552783 0.900635 8.038013 13.279716 3.293415 22.353360
3.718000 0.549600 11.131222 47.202544 4.786110 63.072000 25.642994 1.107203 12.555728 16.366785 4.940122 31.336643
2.913316 0.841800 12.624434 49.547548 4.261604 63.072000 33.934741 1.421186 10.736908 17.378066 5.561521 26.191033
3.296205 0.500000 9.773756 34.736332 3.396171 47.503595 33.934741 0.974999 5.456461 10.724901 4.039094 19.024190
5.761813 0.844900 16.289593 50.444767 5.218826 61.874430 22.418426 0.859322 10.091520 14.663575 3.635184 29.794055
3.040844 0.485500 8.552036 29.674492 3.330608 45.707241 29.328215 0.809745 6.043178 12.428111 4.909052 20.026928
2.546419 0.712100 8.552036 37.798276 3.356833 58.082127 22.571977 0.933686 7.627312 15.408729 4.846912 21.835949
2.249583 0.844100 9.230769 42.310014 3.579748 57.283747 27.485605 1.057627 10.150192 16.739362 5.406171 22.642140
2.476039 0.601600 8.552036 37.251109 3.317495 52.892658 30.710173 0.760169 8.976759 13.705519 3.914814 22.426924
3.811134 1.033980 11.674208 52.778493 4.182929 68.461063 27.485605 1.793008 14.491892 19.879656 6.586830 32.499884
4.745679 1.162310 13.167421 46.635758 4.510744 55.287797 46.525912 1.553389 9.915505 14.929701 7.239299 26.330513
3.586742 1.303150 13.710407 50.425457 4.694321 69.858228 38.080614 2.255719 13.787833 18.602248 6.493620 33.913902
2.258900 1.441610 13.574661 42.477007 4.405843 56.485367 48.061420 1.578177 13.905176 16.952263 5.188682 25.547085
1.959355 1.938000 12.352941 41.570983 4.025577 55.088203 37.619962 1.512075 10.854251 14.929701 5.126542 25.389541
3.200121 0.923140 12.624434 45.541114 4.117365 62.672810 35.623800 1.115466 14.785250 18.974825 4.411933 35.302030
2.441720 0.950780 11.945701 46.441422 3.933789 63.870380 35.009597 1.677330 12.731743 16.899038 4.443003 29.343715
6.413765 1.570870 20.633484 54.023292 6.202273 59.479291 36.698656 0.941949 11.264953 15.408729 5.095472 29.919431
3.190348 1.001010 11.402715 33.072430 3.776437 44.709266 31.785029 0.884110 5.691148 13.173266 5.872221 20.579188
5.107009 0.855580 13.846154 37.764909 4.353393 49.100354 26.871401 1.107203 7.568640 14.716800 5.747941 20.006534
4.871551 0.983000 14.389140 43.540909 4.471406 56.086177 31.170825 1.322033 13.377131 16.952263 6.338270 26.715152
8.093896 1.884000 24.434389 48.052801 5.349953 44.709266 37.927063 0.768432 6.219193 13.120041 3.386625 NaN
5.180016 1.620000 16.561086 43.535193 3.881338 57.283747 23.646833 1.090677 7.275282 15.089377 5.810081 NaN
4.318613 1.608000 16.153846 38.476134 4.445181 54.289823 NaN 1.247669 7.861998 14.024871 5.250822 NaN
6.103936 1.971000 18.597285 47.502699 4.589420 NaN NaN NaN NaN NaN NaN NaN
4.468000 0.812200 13.290000 39.430000 4.141000 NaN NaN NaN NaN NaN NaN NaN
4.385000 1.597000 18.620000 45.770000 6.007000 NaN NaN NaN NaN NaN NaN NaN
3.074000 0.687600 10.410000 31.780000 NaN NaN NaN NaN NaN NaN NaN NaN
NaN 1.357000 11.110000 39.010000 NaN NaN NaN NaN NaN NaN NaN NaN
NaN 1.897000 17.100000 NaN NaN NaN NaN NaN NaN NaN NaN NaN
NaN NaN NaN NaN NaN NaN NaN NaN NaN NaN NaN NaN
NaN NaN NaN NaN NaN NaN NaN NaN NaN NaN NaN NaN
NaN NaN NaN NaN NaN NaN NaN NaN NaN NaN NaN NaN
NaN NaN NaN NaN NaN NaN NaN NaN NaN NaN NaN NaN
NaN NaN NaN NaN NaN NaN NaN NaN NaN NaN NaN NaN
