-0.184312 -0.343733 -0.009074 0.008418 -0.215361
-0.049988 -0.072279 -0.000605 -0.013035 -0.130600
-0.031614 -0.069491 -0.000605 -0.066399 -0.135444
-0.009292 0.002610 -0.000605 -0.070354 -0.019201
-0.024815 -0.007511 0.016334 -0.073237 0.005016
0.066887 0.222671 0.007864 0.130901 0.121259
0.179790 0.050469 0.024803 0.033894 0.252033
0.157955 0.023742 0.024803 -0.005928 0.293202
0.074368 -0.133794 0.016334 -0.234736 0.186646
0.026848 -0.023632 -0.000605 -0.168098 0.084933
-0.066340 -0.048258 -0.017544 0.047972 -0.108805
0.064913 0.286024 -0.009074 0.203170 -0.019201
0.027871 0.447560 -0.017544 0.212623 -0.016779
0.078194 0.222691 -0.026013 -0.098109 0.104307
0.161951 0.288974 0.007864 -0.183786 0.387649
0.210275 0.566974 0.033273 -0.154221 0.377962
0.301733 0.879519 0.084090 -0.077460 0.576544
0.297176 0.567741 0.084090 -0.088656 0.552327
0.303196 0.215863 0.092559 -0.190356 0.591074
0.346622 0.359035 0.067151 -0.137193 0.632244
0.322593 0.449863 0.092559 -0.106757 0.583809
0.272052 0.668105 0.109498 -0.016387 0.600761
0.100979 0.818267 0.126437 0.121046 0.225394
0.004721 1.264529 0.109498 0.265115 0.012282
0.096739 1.288812 0.075620 0.282680 0.099464
0.070493 1.612893 0.075620 0.294747 0.121259
0.031429 1.767014 0.075620 0.336580 0.109151
-0.096997 1.859459 0.075620 0.348647 -0.118492
