   122.93   107.50    16.65   214.66    35.57    16.86   178.63
   110.48   130.71    21.88   190.38    36.74    23.76   152.23
    99.91   124.95    32.38   157.00    46.25    31.53   123.95
    96.28   107.93    31.30   145.31    48.28    31.64   134.80
   113.63   106.45    41.50   195.88    55.89    39.75   152.46
   105.51   123.21    21.76   159.29    43.05    19.53   158.06
    96.76   122.27    23.31   155.13    40.32    15.44   148.81
   105.77   126.34    41.57   166.58    55.30    31.18   134.57
   103.08   136.95    23.34   156.91    42.62    19.52   155.62
   110.38   132.78    47.25   163.57    70.77    45.31   145.68
   117.56   128.61    25.10   185.99    40.83    26.30   177.01
   104.91   132.73    22.03   173.98    36.68    18.84   146.96
   101.61   132.54    24.53   161.15    36.64    17.38   156.01
   111.74   129.13    29.73   179.76    50.77    26.14   151.72
   113.82   135.82    48.36   170.80    68.91    42.86   160.38
   102.52   137.28    33.75   173.37    59.79    28.96   132.13
   109.92   151.42    30.25   177.37    52.18    27.40   153.66
    98.20   125.97    17.87   162.63    22.56    11.56   152.75
   113.74   152.29    34.93   179.04    47.01    39.62   151.83
   119.05   135.13    33.52   189.16    56.59    36.06   174.70
   116.65   140.50    22.61   192.00    34.01    22.12   181.39
   121.44   134.35    34.08   212.29    45.34    38.98   166.13
   108.83   143.66    28.01   178.79    41.42    20.51   152.33
   112.33   150.67    31.16   190.55    41.94    25.46   166.27
   111.73   135.51    41.59   166.81    49.88    38.28   166.29
   113.44   164.77    39.47   173.98    54.90    42.24   159.66
   128.06   143.19    43.16   211.74    62.44    37.58   178.44
   128.45   172.28    56.09   198.66    71.37    44.35   178.62
   124.21   149.20    41.71   198.73    57.52    35.94   187.38
   122.51   147.02    46.07   201.67    64.24    42.41   158.74
   128.81   131.39    51.46   215.55    77.61    45.69   173.53
   123.67   123.13    32.48   192.92    59.32    33.34   185.13
   112.58   131.89    35.37   184.26    60.82    36.82   153.37
   124.66   151.88    42.63   213.19    59.97    31.43   181.28
   122.67   147.47    39.99   207.59    67.37    43.11   155.84
   110.38   145.93    44.86   182.89    59.62    33.54   142.29
   132.33   123.20    37.04   230.84    53.61    30.37   187.25
   125.93   117.19    36.12   202.21    65.71    36.82   182.00
   119.61   118.27    35.97   191.13    55.83    31.42   176.76
   113.06   102.99    24.03   188.26    46.71    20.82   171.24
   113.39   124.48    39.35   181.02    54.86    34.78   163.97
