-0.142266 -0.175395 -0.011972 -0.025382 -0.104694
-0.017712 0.017364 0.014493 -0.007766 -0.145306
0.033472 -0.067960 0.023314 -0.006256 -0.051160
0.069789 -0.093500 0.005671 -0.030981 -0.029008
0.052727 -0.113813 -0.011972 -0.038625 0.044831
0.072263 0.121798 -0.029616 0.004220 0.054061
0.083887 0.037855 -0.011972 0.041308 0.090981
0.114982 0.010790 -0.003151 0.047065 0.107595
0.057523 -0.106036 -0.003151 0.019477 0.124209
0.007377 -0.035912 -0.003151 0.001168 0.085443
-0.094502 -0.023248 0.014493 0.029197 0.030063
-0.012210 0.242799 0.032136 0.032060 -0.106540
0.022955 0.383651 0.023314 0.026334 -0.045622
0.067587 0.135421 0.014493 -0.022802 -0.029008
0.144750 0.238331 0.032136 0.012493 0.030063
0.164547 0.462915 0.049779 0.041214 0.258966
0.253001 0.728848 0.067423 0.099253 0.347574
0.205285 0.477530 0.076244 0.123475 0.594937
0.201725 0.203204 0.102710 0.091326 0.487869
0.177346 0.359313 0.093888 0.077736 0.458333
0.207543 0.458289 0.102710 0.047191 0.301424
0.129726 0.629243 0.102710 0.061693 0.290348
0.043910 0.642643 0.129175 0.111176 0.244198
-0.002627 0.889450 0.129175 0.163773 0.146361
0.089188 0.842315 0.093888 0.197652 0.079905
0.038356 1.107377 0.085066 0.180193 0.153745
0.012614 1.277399 0.093888 0.181326 0.114979
