8.312995 0.151273 5.421844 7.102909 8.317697 7.596091 9.421636
8.458392 0.817818 5.833247 7.198848 8.415091 7.942636 9.658364
8.224450 0.327455 5.258753 6.985455 8.251273 7.592545 9.694727
8.329579 -0.252727 5.268623 6.971394 8.509455 7.606636 9.703818
8.608536 0.138909 5.856727 7.302000 8.723515 7.881182 9.626727
8.802727 -1.246182 5.768883 7.434909 9.065636 7.881000 9.867091
8.073608 -0.348545 5.292104 6.644242 8.517818 7.316000 9.174727
8.531914 0.354909 5.971117 6.961515 8.939818 7.940909 9.682545
8.741789 0.654909 6.228416 7.311030 9.035273 8.244182 9.650545
8.780440 0.499273 6.098104 7.341394 9.208364 8.330182 9.698364
8.280086 -0.055636 5.413403 6.966121 8.423212 7.668000 9.231455
8.660593 0.620000 6.198442 7.286242 8.955091 8.214818 9.464182
8.429962 0.043273 5.766416 7.049273 8.735758 7.907727 9.338727
8.490459 0.122545 5.722831 7.158364 8.753697 7.813091 9.614182
8.698584 0.706182 5.970883 7.379697 8.881212 7.999818 10.060545
9.228105 1.215636 6.637039 7.756606 9.738606 8.669182 10.468000
8.913014 1.139273 6.257974 7.610061 9.238303 8.304091 10.340364
7.953895 -0.181818 4.750234 6.620909 8.206606 7.259455 9.252182
9.536833 1.703455 6.983532 8.103333 9.937455 8.852818 10.868545
9.586766 0.219818 6.993662 7.850909 10.072303 8.985000 10.667455
8.751694 0.899818 6.073610 7.288242 9.144242 8.190091 9.723818
8.782880 0.868364 6.002026 7.241091 9.002121 8.218727 9.989818
8.763789 0.956909 6.094675 7.380424 9.016667 8.174545 10.171091
9.220019 1.209818 6.599039 7.730970 9.573758 8.590273 10.566182
9.079809 1.170727 6.265195 7.701030 9.274606 8.374636 10.461455
9.276651 1.481818 6.731325 7.876364 9.671394 8.722091 10.452182
9.260220 1.396727 6.633558 7.732303 10.024242 8.755636 10.265273
9.820230 1.526727 7.088000 8.377879 10.613394 9.014909 11.075818
9.135244 0.805636 6.245299 7.701818 9.744242 8.301273 10.239455
10.055407 2.011091 7.399558 8.322121 10.996485 9.277727 11.411455
10.330297 2.444909 7.495714 8.886303 11.075758 9.389273 11.541455
9.220746 1.350545 6.527818 7.496424 10.021576 8.634545 10.152182
9.420230 1.343818 6.837662 7.811152 10.310061 8.683273 10.758545
9.279828 1.487455 6.830234 7.866606 9.881697 8.629182 10.544000
9.316603 1.256182 6.886961 7.810182 10.076545 8.718273 10.593091
9.579158 1.625818 7.085221 8.202485 10.374545 8.853273 11.196364
9.734555 2.236000 7.475740 8.431515 10.306121 8.991455 11.037818
9.574239 1.709455 7.288000 8.167152 10.527030 9.059727 10.992545
9.243081 1.878364 6.985506 8.038727 9.915333 8.736182 10.419818
9.716861 1.706000 7.224857 8.517455 10.526242 9.180273 10.736909
9.701943 2.013273 7.360805 8.319576 10.555697 9.357909 11.077636
