501.084211 269.100000 635.828571 396.033333 562.933333 805.850000 355.100000
407.100000 329.500000 495.185714 347.466667 392.166667 610.800000 230.200000
335.563158 357.500000 517.514286 234.366667 372.966667 638.100000 122.900000
341.236842 301.800000 483.028571 243.466667 300.166667 598.350000 137.700000
449.057895 164.200000 473.100000 452.300000 442.600000 659.350000 351.100000
499.052632 459.400000 634.757143 415.833333 556.700000 745.650000 329.900000
408.421053 202.400000 411.042857 339.566667 325.300000 729.750000 232.200000
496.726316 230.800000 595.600000 408.766667 473.133333 823.400000 286.500000
476.657895 217.600000 533.357143 445.233333 535.466667 664.200000 412.000000
434.063158 309.900000 553.214286 421.400000 450.733333 652.000000 276.500000
511.984211 206.000000 567.014286 410.400000 627.566667 808.400000 396.900000
517.473684 250.200000 566.100000 468.933333 505.600000 820.800000 436.400000
358.642105 217.100000 400.228571 354.333333 336.400000 573.850000 344.300000
446.163158 302.300000 582.485714 349.633333 562.566667 792.000000 258.400000
383.747368 162.700000 408.214286 313.666667 378.133333 633.550000 222.500000
466.657895 223.600000 543.857143 362.066667 515.933333 702.900000 315.200000
492.321053 269.700000 537.414286 402.900000 511.900000 771.950000 382.600000
442.331579 244.900000 502.157143 342.833333 446.966667 669.850000 333.300000
567.942105 289.600000 610.928571 450.533333 630.500000 891.950000 468.800000
518.305263 335.300000 585.328571 492.466667 578.000000 696.400000 462.200000
558.436842 322.400000 611.342857 491.833333 572.066667 774.150000 587.800000
505.310526 334.700000 610.728571 416.266667 624.266667 811.200000 291.300000
513.631579 422.200000 536.600000 367.166667 586.233333 702.550000 329.200000
526.436842 251.500000 635.971429 398.666667 631.466667 874.150000 350.900000
544.947368 279.800000 588.585714 378.933333 591.400000 810.050000 374.300000
411.489474 376.900000 544.628571 304.566667 517.100000 671.650000 298.400000
413.794737 240.100000 481.157143 322.266667 397.466667 608.850000 219.600000
483.863158 351.900000 475.085714 411.500000 459.733333 652.450000 373.400000
532.005263 330.500000 622.357143 433.933333 642.966667 782.000000 448.300000
347.073684 503.000000 481.171429 352.033333 361.566667 547.900000 166.900000
450.073684 331.700000 566.657143 407.633333 406.300000 733.500000 409.400000
439.947368 382.800000 605.057143 400.433333 467.300000 630.700000 356.500000
419.594737 333.600000 525.100000 335.300000 403.166667 671.650000 327.200000
489.778947 274.600000 576.785714 413.666667 555.700000 663.600000 377.500000
484.610526 455.600000 564.300000 423.766667 609.433333 733.400000 382.300000
398.200000 236.200000 454.157143 261.966667 395.100000 810.350000 180.700000
525.673684 312.100000 538.228571 416.966667 545.433333 880.100000 420.600000
493.173684 343.900000 570.700000 383.300000 535.733333 788.350000 394.400000
499.557895 318.700000 612.628571 435.833333 631.966667 746.250000 491.900000
487.557895 324.500000 544.700000 389.633333 516.300000 765.650000 285.100000
471.705263 359.600000 574.100000 390.033333 535.200000 790.650000 407.600000
